Vrms = [0.67,0.95,1.59,2.55,3.72,4.45,5.24,6.42,6.78,7.19];
Irms = [3.27,4.63,7.73,12.42,18.19,21.6,25.5,31.3,33.1,35.1];
Zseries = Vrms./Irms

Vrms1 = [0.56,0.67,1.32,1.93,2.64,3.49,4.19,4.67,5.17,5.93,6.18];
Irms1 = [5.14,6.13,11.6,16.5,22.2,28.9,34.3,38.0,41.9,47.7,49.7];
Zparallel =Vrms1./Irms1